function [pieindex] = pieindex_table(resultnum)
pieindex1 = [0,0,0,0,0,0,0,0,0,0,0,0,0,0,0,0,0,0,0,0,5,0,0,0,0,0,0,0,0,0,0,0,0,0,0,0,0,0,0,0,0,0,0,0,0,0,0,0,0,0,0,0,0,0,0,4,4,4,4,4,4,5,5,5,5,5,5,5,0,0,0,0,0,0,0,0,0,0,0,0,0,0,0,0,0,0,0,0,0,0,0,0,0,0,4,4,4,4,4,4,4,4,5,5,5,5,5,5,5,5,5,0,0,0,0,0,0,0,0,0,0,0,0,0,0,0,0,0,0,0,0,0,0,4,4,4,4,4,4,4,4,4,4,5,5,5,5,5,5,5,5,5,5,5,0,0,0,0,0,0,0,0,0,0,0,0,0,0,0,0,0,0,4,4,4,4,4,4,4,4,4,4,4,4,5,5,5,5,5,5,5,5,5,5,5,5,5,0,0,0,0,0,0,0,0,0,0,0,0,0,0,0,4,4,4,4,4,4,4,4,4,4,4,4,4,5,5,5,5,5,5,5,5,5,5,5,5,5,5,0,0,0,0,0,0,0,0,0,0,0,0,0,4,4,4,4,4,4,4,4,4,4,4,4,4,4,5,5,5,5,5,5,5,5,5,5,5,5,5,5,5,0,0,0,0,0,0,0,0,0,0,0,3,3,4,4,4,4,4,4,4,4,4,4,4,4,4,5,5,5,5,5,5,5,5,5,5,5,5,5,5,6,6,0,0,0,0,0,0,0,0,0,3,3,3,3,4,4,4,4,4,4,4,4,4,4,4,4,5,5,5,5,5,5,5,5,5,5,5,5,5,6,6,6,6,0,0,0,0,0,0,0,0,3,3,3,3,3,4,4,4,4,4,4,4,4,4,4,4,5,5,5,5,5,5,5,5,5,5,5,5,6,6,6,6,6,0,0,0,0,0,0,0,3,3,3,3,3,3,3,4,4,4,4,4,4,4,4,4,4,5,5,5,5,5,5,5,5,5,5,5,6,6,6,6,6,6,6,0,0,0,0,0,0,3,3,3,3,3,3,3,3,4,4,4,4,4,4,4,4,4,5,5,5,5,5,5,5,5,5,5,6,6,6,6,6,6,6,6,0,0,0,0,0,3,3,3,3,3,3,3,3,3,3,4,4,4,4,4,4,4,4,5,5,5,5,5,5,5,5,5,6,6,6,6,6,6,6,6,6,6,0,0,0,0,3,3,3,3,3,3,3,3,3,3,3,4,4,4,4,4,4,4,5,5,5,5,5,5,5,5,6,6,6,6,6,6,6,6,6,6,6,0,0,0,3,3,3,3,3,3,3,3,3,3,3,3,3,4,4,4,4,4,4,5,5,5,5,5,5,5,6,6,6,6,6,6,6,6,6,6,6,6,6,0,0,3,3,3,3,3,3,3,3,3,3,3,3,3,3,4,4,4,4,4,5,5,5,5,5,5,6,6,6,6,6,6,6,6,6,6,6,6,6,6,0,0,3,3,3,3,3,3,3,3,3,3,3,3,3,3,3,4,4,4,4,5,5,5,5,5,6,6,6,6,6,6,6,6,6,6,6,6,6,6,6,0,0,3,3,3,3,3,3,3,3,3,3,3,3,3,3,3,3,4,4,4,5,5,5,5,6,6,6,6,6,6,6,6,6,6,6,6,6,6,6,6,0,0,3,3,3,3,3,3,3,3,3,3,3,3,3,3,3,3,3,4,4,5,5,5,6,6,6,6,6,6,6,6,6,6,6,6,6,6,6,6,6,0,0,3,3,3,3,3,3,3,3,3,3,3,3,3,3,3,3,3,3,4,5,5,6,6,6,6,6,6,6,6,6,6,6,6,6,6,6,6,6,6,0,3,3,3,3,3,3,3,3,3,3,3,3,3,3,3,3,3,3,3,3,8,7,7,7,7,7,7,7,7,7,7,7,7,7,7,7,7,7,7,7,7,0,2,2,2,2,2,2,2,2,2,2,2,2,2,2,2,2,2,2,2,8,8,7,7,7,7,7,7,7,7,7,7,7,7,7,7,7,7,7,7,0,0,2,2,2,2,2,2,2,2,2,2,2,2,2,2,2,2,2,2,1,8,8,8,7,7,7,7,7,7,7,7,7,7,7,7,7,7,7,7,7,0,0,2,2,2,2,2,2,2,2,2,2,2,2,2,2,2,2,2,1,1,8,8,8,8,7,7,7,7,7,7,7,7,7,7,7,7,7,7,7,7,0,0,2,2,2,2,2,2,2,2,2,2,2,2,2,2,2,2,1,1,1,8,8,8,8,8,7,7,7,7,7,7,7,7,7,7,7,7,7,7,7,0,0,2,2,2,2,2,2,2,2,2,2,2,2,2,2,2,1,1,1,1,8,8,8,8,8,8,7,7,7,7,7,7,7,7,7,7,7,7,7,7,0,0,2,2,2,2,2,2,2,2,2,2,2,2,2,2,1,1,1,1,1,8,8,8,8,8,8,8,7,7,7,7,7,7,7,7,7,7,7,7,7,0,0,0,2,2,2,2,2,2,2,2,2,2,2,2,1,1,1,1,1,1,8,8,8,8,8,8,8,8,7,7,7,7,7,7,7,7,7,7,7,0,0,0,0,2,2,2,2,2,2,2,2,2,2,2,1,1,1,1,1,1,1,8,8,8,8,8,8,8,8,8,7,7,7,7,7,7,7,7,7,7,0,0,0,0,0,2,2,2,2,2,2,2,2,2,1,1,1,1,1,1,1,1,8,8,8,8,8,8,8,8,8,8,7,7,7,7,7,7,7,7,0,0,0,0,0,0,2,2,2,2,2,2,2,2,1,1,1,1,1,1,1,1,1,8,8,8,8,8,8,8,8,8,8,8,7,7,7,7,7,7,7,0,0,0,0,0,0,0,2,2,2,2,2,2,1,1,1,1,1,1,1,1,1,1,8,8,8,8,8,8,8,8,8,8,8,8,7,7,7,7,7,0,0,0,0,0,0,0,0,2,2,2,2,2,1,1,1,1,1,1,1,1,1,1,1,8,8,8,8,8,8,8,8,8,8,8,8,8,7,7,7,7,0,0,0,0,0,0,0,0,0,2,2,2,1,1,1,1,1,1,1,1,1,1,1,1,8,8,8,8,8,8,8,8,8,8,8,8,8,8,7,7,0,0,0,0,0,0,0,0,0,0,0,2,1,1,1,1,1,1,1,1,1,1,1,1,1,8,8,8,8,8,8,8,8,8,8,8,8,8,8,8,0,0,0,0,0,0,0,0,0,0,0,0,0,1,1,1,1,1,1,1,1,1,1,1,1,1,8,8,8,8,8,8,8,8,8,8,8,8,8,8,0,0,0,0,0,0,0,0,0,0,0,0,0,0,0,1,1,1,1,1,1,1,1,1,1,1,1,8,8,8,8,8,8,8,8,8,8,8,8,8,0,0,0,0,0,0,0,0,0,0,0,0,0,0,0,0,0,0,1,1,1,1,1,1,1,1,1,1,8,8,8,8,8,8,8,8,8,8,8,0,0,0,0,0,0,0,0,0,0,0,0,0,0,0,0,0,0,0,0,0,0,1,1,1,1,1,1,1,1,8,8,8,8,8,8,8,8,8,0,0,0,0,0,0,0,0,0,0,0,0,0,0,0,0,0,0,0,0,0,0,0,0,0,0,1,1,1,1,1,1,8,8,8,8,8,8,8,0,0,0,0,0,0,0,0,0,0,0,0,0,0,0,0,0,0,0,0,0,0,0,0,0,0,0,0,0,0,0,0,0,0,8,0,0,0,0,0,0,0,0,0,0,0,0,0,0,0,0,0,0,0,0];
pieindex2 = [0,0,0,0,0,0,0,0,0,0,0,0,0,0,0,0,0,0,0,0,4,0,0,0,0,0,0,0,0,0,0,0,0,0,0,0,0,0,0,0,0,0,0,0,0,0,0,0,0,0,0,0,0,0,0,3,3,3,3,3,3,4,4,4,4,4,4,4,0,0,0,0,0,0,0,0,0,0,0,0,0,0,0,0,0,0,0,0,0,0,0,0,0,0,3,3,3,3,3,3,3,3,4,4,4,4,4,4,4,4,4,0,0,0,0,0,0,0,0,0,0,0,0,0,0,0,0,0,0,0,0,0,0,3,3,3,3,3,3,3,3,3,3,4,4,4,4,4,4,4,4,4,4,4,0,0,0,0,0,0,0,0,0,0,0,0,0,0,0,0,0,0,3,3,3,3,3,3,3,3,3,3,3,3,4,4,4,4,4,4,4,4,4,4,4,4,4,0,0,0,0,0,0,0,0,0,0,0,0,0,0,0,3,3,3,3,3,3,3,3,3,3,3,3,3,4,4,4,4,4,4,4,4,4,4,4,4,4,4,0,0,0,0,0,0,0,0,0,0,0,0,0,3,3,3,3,3,3,3,3,3,3,3,3,3,3,4,4,4,4,4,4,4,4,4,4,4,4,4,4,4,0,0,0,0,0,0,0,0,0,0,0,2,2,3,3,3,3,3,3,3,3,3,3,3,3,3,4,4,4,4,4,4,4,4,4,4,4,4,4,4,5,5,0,0,0,0,0,0,0,0,0,2,2,2,2,3,3,3,3,3,3,3,3,3,3,3,3,4,4,4,4,4,4,4,4,4,4,4,4,4,5,5,5,5,0,0,0,0,0,0,0,0,2,2,2,2,2,3,3,3,3,3,3,3,3,3,3,3,4,4,4,4,4,4,4,4,4,4,4,4,5,5,5,5,5,0,0,0,0,0,0,0,2,2,2,2,2,2,2,3,3,3,3,3,3,3,3,3,3,4,4,4,4,4,4,4,4,4,4,4,5,5,5,5,5,5,5,0,0,0,0,0,0,2,2,2,2,2,2,2,2,3,3,3,3,3,3,3,3,3,4,4,4,4,4,4,4,4,4,4,5,5,5,5,5,5,5,5,0,0,0,0,0,2,2,2,2,2,2,2,2,2,2,3,3,3,3,3,3,3,3,4,4,4,4,4,4,4,4,4,5,5,5,5,5,5,5,5,5,5,0,0,0,0,2,2,2,2,2,2,2,2,2,2,2,3,3,3,3,3,3,3,4,4,4,4,4,4,4,4,5,5,5,5,5,5,5,5,5,5,5,0,0,0,2,2,2,2,2,2,2,2,2,2,2,2,2,3,3,3,3,3,3,4,4,4,4,4,4,4,5,5,5,5,5,5,5,5,5,5,5,5,5,0,0,2,2,2,2,2,2,2,2,2,2,2,2,2,2,3,3,3,3,3,4,4,4,4,4,4,5,5,5,5,5,5,5,5,5,5,5,5,5,5,0,0,2,2,2,2,2,2,2,2,2,2,2,2,2,2,2,3,3,3,3,4,4,4,4,4,5,5,5,5,5,5,5,5,5,5,5,5,5,5,5,0,0,2,2,2,2,2,2,2,2,2,2,2,2,2,2,2,2,3,3,3,4,4,4,4,5,5,5,5,5,5,5,5,5,5,5,5,5,5,5,5,0,0,2,2,2,2,2,2,2,2,2,2,2,2,2,2,2,2,2,3,3,4,4,4,5,5,5,5,5,5,5,5,5,5,5,5,5,5,5,5,5,0,0,2,2,2,2,2,2,2,2,2,2,2,2,2,2,2,2,2,2,3,4,4,5,5,5,5,5,5,5,5,5,5,5,5,5,5,5,5,5,5,0,2,2,2,2,2,2,2,2,2,2,2,2,2,2,2,2,2,2,2,2,7,6,6,6,6,6,6,6,6,6,6,6,6,6,6,6,6,6,6,6,6,0,1,1,1,1,1,1,1,1,1,1,1,1,1,1,1,1,1,1,1,7,7,6,6,6,6,6,6,6,6,6,6,6,6,6,6,6,6,6,6,0,0,1,1,1,1,1,1,1,1,1,1,1,1,1,1,1,1,1,1,8,7,7,7,6,6,6,6,6,6,6,6,6,6,6,6,6,6,6,6,6,0,0,1,1,1,1,1,1,1,1,1,1,1,1,1,1,1,1,1,8,8,7,7,7,7,6,6,6,6,6,6,6,6,6,6,6,6,6,6,6,6,0,0,1,1,1,1,1,1,1,1,1,1,1,1,1,1,1,1,8,8,8,7,7,7,7,7,6,6,6,6,6,6,6,6,6,6,6,6,6,6,6,0,0,1,1,1,1,1,1,1,1,1,1,1,1,1,1,1,8,8,8,8,7,7,7,7,7,7,6,6,6,6,6,6,6,6,6,6,6,6,6,6,0,0,1,1,1,1,1,1,1,1,1,1,1,1,1,1,8,8,8,8,8,7,7,7,7,7,7,7,6,6,6,6,6,6,6,6,6,6,6,6,6,0,0,0,1,1,1,1,1,1,1,1,1,1,1,1,8,8,8,8,8,8,7,7,7,7,7,7,7,7,6,6,6,6,6,6,6,6,6,6,6,0,0,0,0,1,1,1,1,1,1,1,1,1,1,1,8,8,8,8,8,8,8,7,7,7,7,7,7,7,7,7,6,6,6,6,6,6,6,6,6,6,0,0,0,0,0,1,1,1,1,1,1,1,1,1,8,8,8,8,8,8,8,8,7,7,7,7,7,7,7,7,7,7,6,6,6,6,6,6,6,6,0,0,0,0,0,0,1,1,1,1,1,1,1,1,8,8,8,8,8,8,8,8,8,7,7,7,7,7,7,7,7,7,7,7,6,6,6,6,6,6,6,0,0,0,0,0,0,0,1,1,1,1,1,1,8,8,8,8,8,8,8,8,8,8,7,7,7,7,7,7,7,7,7,7,7,7,6,6,6,6,6,0,0,0,0,0,0,0,0,1,1,1,1,1,8,8,8,8,8,8,8,8,8,8,8,7,7,7,7,7,7,7,7,7,7,7,7,7,6,6,6,6,0,0,0,0,0,0,0,0,0,1,1,1,8,8,8,8,8,8,8,8,8,8,8,8,7,7,7,7,7,7,7,7,7,7,7,7,7,7,6,6,0,0,0,0,0,0,0,0,0,0,0,1,8,8,8,8,8,8,8,8,8,8,8,8,8,7,7,7,7,7,7,7,7,7,7,7,7,7,7,7,0,0,0,0,0,0,0,0,0,0,0,0,0,8,8,8,8,8,8,8,8,8,8,8,8,8,7,7,7,7,7,7,7,7,7,7,7,7,7,7,0,0,0,0,0,0,0,0,0,0,0,0,0,0,0,8,8,8,8,8,8,8,8,8,8,8,8,7,7,7,7,7,7,7,7,7,7,7,7,7,0,0,0,0,0,0,0,0,0,0,0,0,0,0,0,0,0,0,8,8,8,8,8,8,8,8,8,8,7,7,7,7,7,7,7,7,7,7,7,0,0,0,0,0,0,0,0,0,0,0,0,0,0,0,0,0,0,0,0,0,0,8,8,8,8,8,8,8,8,7,7,7,7,7,7,7,7,7,0,0,0,0,0,0,0,0,0,0,0,0,0,0,0,0,0,0,0,0,0,0,0,0,0,0,8,8,8,8,8,8,7,7,7,7,7,7,7,0,0,0,0,0,0,0,0,0,0,0,0,0,0,0,0,0,0,0,0,0,0,0,0,0,0,0,0,0,0,0,0,0,0,7,0,0,0,0,0,0,0,0,0,0,0,0,0,0,0,0,0,0,0,0];
